[38;2;255;255;255;48;2;192;192;192m                                                                                [0m
[38;2;255;255;255;48;2;192;192;192m                                                                                [0m
[38;2;255;255;255;48;2;192;192;192m                                                                                [0m
[38;2;255;255;255;48;2;192;192;192m              [0m[38;2;255;255;255;48;2;0;128;0m     [0m[38;2;255;255;255;48;2;192;192;192m                                                             [0m
[38;2;255;255;255;48;2;192;192;192m         [0m[38;2;255;255;255;48;2;0;255;0m [0m[38;2;255;255;255;48;2;192;192;192m   [0m[38;2;255;255;255;48;2;0;128;0m  [0m[38;2;255;255;255;48;2;0;255;128m   [0m[38;2;255;255;255;48;2;0;128;0m [0m[38;2;255;255;255;48;2;192;192;192m              [0m[38;2;255;255;255;48;2;0;128;0m           [0m[38;2;255;255;255;48;2;192;192;192m                                    [0m
[38;2;255;255;255;48;2;192;192;192m          [0m[38;2;255;255;255;48;2;0;128;0m    [0m[38;2;255;255;255;48;2;0;255;128m [0m[38;2;255;255;255;48;2;64;0;255m   [0m[38;2;255;255;255;48;2;0;128;0m   [0m[38;2;255;255;255;48;2;192;192;192m        [0m[38;2;255;255;255;48;2;0;128;0m    [0m[38;2;255;255;255;48;2;64;0;255m          [0m[38;2;255;255;255;48;2;0;128;0m   [0m[38;2;255;255;255;48;2;192;192;192m                                  [0m
[38;2;255;255;255;48;2;192;192;192m         [0m[38;2;255;255;255;48;2;0;128;0m [0m[38;2;0;0;0;48;2;255;255;255m [0m[38;2;255;255;255;48;2;0;255;128m  [0m[38;2;255;255;255;48;2;64;0;255m       [0m[38;2;255;255;255;48;2;0;128;0m   [0m[38;2;255;255;255;48;2;192;192;192m   [0m[38;2;255;255;255;48;2;0;128;0m   [0m[38;2;255;255;255;48;2;64;0;255m                [0m[38;2;255;255;255;48;2;0;128;0m [0m[38;2;255;255;255;48;2;192;192;192m                                  [0m
[38;2;255;255;255;48;2;192;192;192m          [0m[38;2;255;255;255;48;2;0;255;128m  [0m[38;2;255;255;255;48;2;64;0;255m   [0m[38;2;255;255;255;48;2;0;255;128m     [0m[38;2;255;255;255;48;2;255;255;128m  [0m[38;2;255;255;255;48;2;0;128;0m  [0m[38;2;255;255;255;48;2;192;192;192m  [0m[38;2;255;255;255;48;2;0;128;0m  [0m[38;2;255;255;255;48;2;64;0;255m   [0m[38;2;255;255;255;48;2;0;255;128m       [0m[38;2;255;255;255;48;2;64;0;255m        [0m[38;2;255;255;255;48;2;0;128;0m [0m[38;2;255;255;255;48;2;192;192;192m                                 [0m
[38;2;255;255;255;48;2;192;192;192m          [0m[38;2;255;255;255;48;2;0;255;128m [0m[38;2;255;255;255;48;2;64;0;255m     [0m[38;2;255;255;255;48;2;0;255;128m [0m[38;2;0;0;0;48;2;255;255;255m [0m[38;2;255;255;255;48;2;0;255;128m  [0m[38;2;255;255;255;48;2;255;255;128m   [0m[38;2;255;255;255;48;2;0;128;0m  [0m[38;2;255;255;255;48;2;192;192;192m  [0m[38;2;255;255;255;48;2;0;128;0m  [0m[38;2;255;255;255;48;2;64;0;255m        [0m[38;2;255;255;255;48;2;0;255;128m   [0m[38;2;255;255;255;48;2;64;0;255m       [0m[38;2;255;255;255;48;2;0;128;0m  [0m[38;2;255;255;255;48;2;192;192;192m               [0m[38;2;255;255;255;48;2;0;128;0m        [0m[38;2;255;255;255;48;2;192;192;192m        [0m
[38;2;255;255;255;48;2;192;192;192m          [0m[38;2;255;255;255;48;2;0;255;128m [0m[38;2;255;255;255;48;2;64;0;255m      [0m[38;2;255;255;255;48;2;0;255;128m  [0m[38;2;255;255;255;48;2;255;255;128m     [0m[38;2;255;255;255;48;2;0;128;0m [0m[38;2;255;255;255;48;2;192;192;192m   [0m[38;2;255;255;255;48;2;0;128;0m   [0m[38;2;255;255;255;48;2;64;0;255m        [0m[38;2;255;255;255;48;2;0;255;128m   [0m[38;2;255;255;255;48;2;64;0;255m     [0m[38;2;255;255;255;48;2;0;255;128m  [0m[38;2;255;255;255;48;2;0;128;0m  [0m[38;2;255;255;255;48;2;192;192;192m [0m[38;2;255;255;255;48;2;0;128;0m            [0m[38;2;255;255;255;48;2;0;0;128m   [0m[38;2;255;255;255;48;2;64;0;255m    [0m[38;2;255;255;255;48;2;0;128;0m  [0m[38;2;255;255;255;48;2;192;192;192m       [0m
[38;2;255;255;255;48;2;192;192;192m          [0m[38;2;255;255;255;48;2;0;255;128m  [0m[38;2;255;255;255;48;2;64;0;255m   [0m[38;2;255;255;255;48;2;0;255;128m   [0m[38;2;255;255;255;48;2;255;255;128m      [0m[38;2;255;255;255;48;2;0;128;0m [0m[38;2;255;255;255;48;2;192;192;192m     [0m[38;2;255;255;255;48;2;0;128;0m   [0m[38;2;255;255;255;48;2;64;0;255m        [0m[38;2;255;255;255;48;2;0;255;128m [0m[38;2;255;255;255;48;2;64;0;255m        [0m[38;2;255;255;255;48;2;0;128;0m  [0m[38;2;255;255;255;48;2;0;255;128m  [0m[38;2;255;255;255;48;2;64;0;255m          [0m[38;2;255;255;255;48;2;0;0;128m [0m[38;2;255;255;255;48;2;64;0;255m       [0m[38;2;255;255;255;48;2;0;128;0m   [0m[38;2;255;255;255;48;2;192;192;192m     [0m
[38;2;255;255;255;48;2;192;192;192m           [0m[38;2;255;255;255;48;2;0;255;128m     [0m[38;2;255;255;255;48;2;255;255;128m       [0m[38;2;255;255;255;48;2;0;128;0m [0m[38;2;255;255;255;48;2;192;192;192m        [0m[38;2;255;255;255;48;2;0;128;0m    [0m[38;2;255;255;255;48;2;0;255;128m [0m[38;2;255;255;255;48;2;64;0;255m     [0m[38;2;255;255;255;48;2;0;255;128m [0m[38;2;255;255;255;48;2;64;0;255m          [0m[38;2;255;255;255;48;2;0;255;128m  [0m[38;2;255;255;255;48;2;64;0;255m         [0m[38;2;255;255;255;48;2;0;0;128m  [0m[38;2;255;255;255;48;2;64;0;255m        [0m[38;2;255;255;255;48;2;0;128;0m [0m[38;2;255;255;255;48;2;192;192;192m     [0m
[38;2;255;255;255;48;2;192;192;192m              [0m[38;2;255;255;255;48;2;0;0;128m [0m[38;2;255;255;255;48;2;255;255;128m        [0m[38;2;255;255;255;48;2;0;128;0m  [0m[38;2;255;255;255;48;2;192;192;192m           [0m[38;2;255;255;255;48;2;0;128;0m [0m[38;2;255;255;255;48;2;64;0;255m     [0m[38;2;255;255;255;48;2;0;255;128m [0m[38;2;255;255;255;48;2;64;0;255m           [0m[38;2;255;255;255;48;2;0;255;128m [0m[38;2;255;255;255;48;2;64;0;255m          [0m[38;2;255;255;255;48;2;0;0;128m   [0m[38;2;255;255;255;48;2;64;0;255m       [0m[38;2;255;255;255;48;2;0;128;0m [0m[38;2;255;255;255;48;2;192;192;192m    [0m
[38;2;255;255;255;48;2;192;192;192m             [0m[38;2;255;255;255;48;2;0;0;128m  [0m[38;2;255;255;255;48;2;255;255;128m          [0m[38;2;255;255;255;48;2;0;128;0m  [0m[38;2;255;255;255;48;2;192;192;192m         [0m[38;2;255;255;255;48;2;0;128;0m [0m[38;2;255;255;255;48;2;64;0;255m     [0m[38;2;255;255;255;48;2;0;255;128m  [0m[38;2;255;255;255;48;2;64;0;255m         [0m[38;2;255;255;255;48;2;0;255;128m  [0m[38;2;255;255;255;48;2;64;0;255m            [0m[38;2;255;255;255;48;2;0;0;128m [0m[38;2;255;255;255;48;2;64;0;255m      [0m[38;2;255;255;255;48;2;0;128;0m  [0m[38;2;255;255;255;48;2;192;192;192m    [0m
[38;2;255;255;255;48;2;192;192;192m             [0m[38;2;255;255;255;48;2;0;0;128m   [0m[38;2;255;255;255;48;2;255;255;128m          [0m[38;2;255;255;255;48;2;0;128;0m    [0m[38;2;255;255;255;48;2;0;255;128m [0m[38;2;255;255;255;48;2;192;192;192m     [0m[38;2;255;255;255;48;2;0;128;0m  [0m[38;2;255;255;255;48;2;64;0;255m     [0m[38;2;255;255;255;48;2;0;255;128m [0m[38;2;255;255;255;48;2;64;0;255m       [0m[38;2;255;255;255;48;2;0;255;128m   [0m[38;2;255;255;255;48;2;64;0;255m             [0m[38;2;255;255;255;48;2;0;0;128m [0m[38;2;255;255;255;48;2;64;0;255m    [0m[38;2;255;255;255;48;2;0;128;0m  [0m[38;2;255;255;255;48;2;192;192;192m      [0m
[38;2;255;255;255;48;2;192;192;192m             [0m[38;2;255;255;255;48;2;0;0;128m     [0m[38;2;255;255;255;48;2;255;255;128m           [0m[38;2;255;255;255;48;2;0;128;0m        [0m[38;2;0;0;0;48;2;255;255;255m [0m[38;2;255;255;255;48;2;0;0;128m    [0m[38;2;255;255;255;48;2;64;0;255m  [0m[38;2;255;255;255;48;2;0;255;128m       [0m[38;2;255;255;255;48;2;64;0;255m       [0m[38;2;255;255;255;48;2;0;0;128m    [0m[38;2;255;255;255;48;2;64;0;255m     [0m[38;2;255;255;255;48;2;0;0;128m  [0m[38;2;255;255;255;48;2;64;0;255m [0m[38;2;255;255;255;48;2;0;128;0m   [0m[38;2;255;255;255;48;2;192;192;192m       [0m
[38;2;255;255;255;48;2;192;192;192m        [0m[38;2;255;255;255;48;2;0;0;0m     [0m[38;2;255;255;255;48;2;0;0;128m     [0m[38;2;255;255;255;48;2;255;255;128m                   [0m[38;2;255;255;255;48;2;0;0;128m  [0m[38;2;255;255;255;48;2;0;128;255m  [0m[38;2;255;255;255;48;2;0;0;128m   [0m[38;2;255;255;255;48;2;64;0;255m          [0m[38;2;255;255;255;48;2;0;0;128m     [0m[38;2;255;255;255;48;2;0;128;255m  [0m[38;2;255;255;255;48;2;0;0;128m  [0m[38;2;255;255;255;48;2;64;0;255m     [0m[38;2;255;255;255;48;2;0;0;128m  [0m[38;2;255;255;255;48;2;0;128;0m [0m[38;2;255;255;255;48;2;192;192;192m         [0m
[38;2;255;255;255;48;2;192;192;192m       [0m[38;2;255;255;255;48;2;0;0;0m [0m[38;2;255;255;255;48;2;192;192;192m         [0m[38;2;255;255;255;48;2;0;0;128m    [0m[38;2;255;255;255;48;2;255;255;128m                [0m[38;2;255;255;255;48;2;0;0;128m [0m[38;2;255;255;255;48;2;0;128;255m      [0m[38;2;255;255;255;48;2;0;0;128m  [0m[38;2;255;255;255;48;2;64;0;255m      [0m[38;2;255;255;255;48;2;0;0;128m  [0m[38;2;255;255;255;48;2;0;128;255m       [0m[38;2;255;255;255;48;2;0;0;128m  [0m[38;2;255;255;255;48;2;64;0;255m      [0m[38;2;255;255;255;48;2;0;0;128m [0m[38;2;255;255;255;48;2;192;192;192m          [0m
[38;2;255;255;255;48;2;192;192;192m                     [0m[38;2;255;255;255;48;2;0;0;128m      [0m[38;2;255;255;255;48;2;255;255;128m       [0m[38;2;255;255;255;48;2;0;0;128m    [0m[38;2;255;255;255;48;2;0;128;255m       [0m[38;2;255;255;255;48;2;0;0;128m [0m[38;2;255;255;255;48;2;64;0;255m      [0m[38;2;255;255;255;48;2;0;0;128m [0m[38;2;255;255;255;48;2;0;128;255m      [0m[38;2;255;255;255;48;2;0;0;128m   [0m[38;2;255;255;255;48;2;64;0;255m        [0m[38;2;255;255;255;48;2;0;0;128m [0m[38;2;255;255;255;48;2;192;192;192m         [0m
[38;2;255;255;255;48;2;192;192;192m                           [0m[38;2;255;255;255;48;2;0;0;128m        [0m[38;2;0;0;0;48;2;255;255;255m [0m[38;2;255;255;255;48;2;0;0;128m                       [0m[38;2;255;255;255;48;2;64;0;255m           [0m[38;2;255;255;255;48;2;0;0;128m  [0m[38;2;255;255;255;48;2;192;192;192m        [0m
[38;2;255;255;255;48;2;192;192;192m                                 [0m[38;2;255;255;255;48;2;0;0;128m    [0m[38;2;255;255;255;48;2;0;128;255m        [0m[38;2;255;255;255;48;2;0;0;128m [0m[38;2;255;255;255;48;2;192;192;192m       [0m[38;2;255;255;255;48;2;0;0;128m   [0m[38;2;255;255;255;48;2;64;0;255m              [0m[38;2;255;255;255;48;2;0;0;128m  [0m[38;2;255;255;255;48;2;192;192;192m        [0m
[38;2;255;255;255;48;2;192;192;192m                                [0m[38;2;255;255;255;48;2;0;0;128m [0m[38;2;255;255;255;48;2;0;128;255m           [0m[38;2;255;255;255;48;2;0;0;128m  [0m[38;2;255;255;255;48;2;192;192;192m         [0m[38;2;255;255;255;48;2;0;0;128m     [0m[38;2;255;255;255;48;2;64;0;255m       [0m[38;2;255;255;255;48;2;0;0;128m   [0m[38;2;255;255;255;48;2;192;192;192m          [0m
[38;2;255;255;255;48;2;192;192;192m                                [0m[38;2;255;255;255;48;2;0;0;128m   [0m[38;2;255;255;255;48;2;0;128;255m        [0m[38;2;255;255;255;48;2;0;0;128m  [0m[38;2;255;255;255;48;2;192;192;192m              [0m[38;2;255;255;255;48;2;0;0;128m        [0m[38;2;255;255;255;48;2;192;192;192m             [0m
[38;2;255;255;255;48;2;192;192;192m                                  [0m[38;2;255;255;255;48;2;0;0;128m          [0m[38;2;255;255;255;48;2;192;192;192m                                    [0m